0 0.319444 0.384375 0.0277778 0.0395833 
0 0.592361 0.80625 0.0375 0.0291667 
0 0.591667 0.475 0.0277778 0.0416667 
0 0.48125 0.38125 0.0263889 0.0375 
0 0.484722 0.122917 0.0333333 0.0333333 
0 0.499306 0.288542 0.0541667 0.03125 
0 0.534028 0.377083 0.0430556 0.025 
0 0.186111 0.710417 0.0277778 0.0333333 
0 0.645833 0.89375 0.0361111 0.0291667 
0 0.616667 0.841667 0.0361111 0.0208333 
0 0.328472 0.753125 0.0513889 0.0395833 
0 0.627083 0.869792 0.0347222 0.0270833 
0 0.113194 0.675 0.0291667 0.0375 
0 0.664583 0.70625 0.0430556 0.0333333 
0 0.650694 0.20625 0.0319444 0.0208333 
0 0.500694 0.457292 0.0236111 0.0395833 
0 0.0618056 0.846875 0.0208333 0.0354167 
0 0.120139 0.840625 0.0208333 0.03125 
0 0.506944 0.426042 0.025 0.03125 
0 0.142361 0.835417 0.0208333 0.0333333 
0 0.0256944 0.844792 0.0236111 0.03125 
0 0.104861 0.840625 0.0236111 0.03125 
